version https://git-lfs.github.com/spec/v1
oid sha256:e2b8fbf27bb0d6976c28aa816c29a709a418d86fb1f187ed4cdeed9a48051222
size 2658
