version https://git-lfs.github.com/spec/v1
oid sha256:cbdbef5571d0221c2d4fe0e5942acd83f24bf51303ccbc42167789252f26baa7
size 9523498
